63 1495676804 2.800000 -1.000000 -101.000000 0.000000 0.000000
63 1495676805 2.800000 -1.000000 -101.000000 0.000000 0.000000
63 1495676806 2.800000 -1.000000 -101.000000 0.000000 0.000000
63 1495676807 2.800000 -1.000000 -101.000000 0.000000 0.000000
63 1495676808 2.800000 -1.000000 -101.000000 0.000000 0.000000
63 1495676809 1.200000 -1.000000 -101.000000 0.000000 0.000000
63 1495676810 1.200000 -1.000000 -101.000000 0.000000 0.000000
63 1495676811 1.200000 -1.000000 -101.000000 0.000000 0.000000
63 1495676812 1.200000 -1.000000 -101.000000 0.000000 0.000000
63 1495676813 1.200000 -1.000000 -101.000000 0.000000 0.000000
63 1495676814 0.800000 -1.000000 -101.000000 0.000000 0.000000
63 1495676815 0.800000 -1.000000 -101.000000 0.000000 0.000000
63 1495676816 0.800000 -1.000000 -101.000000 0.000000 0.000000
63 1495676817 0.800000 -1.000000 -101.000000 0.000000 0.000000
63 1495676818 0.800000 -1.000000 -101.000000 0.000000 0.000000
63 1495676819 1.600000 -1.000000 -101.000000 0.000000 0.000000
63 1495676820 1.600000 -1.000000 -101.000000 0.000000 0.000000
63 1495676821 1.600000 -1.000000 -101.000000 0.000000 0.000000
63 1495676822 1.600000 -1.000000 -101.000000 0.000000 0.000000
63 1495676823 1.600000 -1.000000 -101.000000 0.000000 0.000000
63 1495676824 0.800000 -1.000000 -101.000000 0.000000 0.000000
63 1495676825 0.800000 -1.000000 -101.000000 0.000000 0.000000
63 1495676826 0.800000 -1.000000 -101.000000 0.000000 0.000000
63 1495676827 0.800000 -1.000000 -101.000000 0.000000 0.000000
63 1495676828 0.800000 -1.000000 -101.000000 0.000000 0.000000
63 1495676829 1.200000 -1.000000 -101.000000 0.000000 0.000000
63 1495676830 1.200000 -1.000000 -101.000000 0.000000 0.000000
63 1495676831 1.200000 -1.000000 -101.000000 0.000000 0.000000
63 1495676832 1.200000 -1.000000 -101.000000 0.000000 0.000000
63 1495676833 1.200000 -1.000000 -101.000000 0.000000 0.000000
63 1495676834 1.600000 -1.000000 -101.000000 0.000000 0.000000
63 1495676835 1.600000 -1.000000 -101.000000 0.000000 0.000000
63 1495676836 1.600000 -1.000000 -101.000000 0.000000 0.000000
63 1495676837 1.600000 -1.000000 -101.000000 0.000000 0.000000
63 1495676838 1.600000 -1.000000 -101.000000 0.000000 0.000000
63 1495676839 0.800000 -1.000000 -101.000000 0.000000 0.000000
63 1495676840 0.800000 -1.000000 -101.000000 0.000000 0.000000
63 1495676841 0.800000 -1.000000 -101.000000 0.000000 0.000000
63 1495676842 0.800000 -1.000000 -101.000000 0.000000 0.000000
63 1495676843 0.800000 -1.000000 -101.000000 0.000000 0.000000
63 1495676844 1.200000 -1.000000 -101.000000 0.000000 0.000000
63 1495676845 1.200000 -1.000000 -101.000000 0.000000 0.000000
63 1495676846 1.200000 -1.000000 -101.000000 0.000000 0.000000
63 1495676847 1.200000 -1.000000 -101.000000 0.000000 0.000000
63 1495676848 1.200000 -1.000000 -101.000000 0.000000 0.000000
63 1495676849 1.600000 -1.000000 -101.000000 0.000000 0.000000
63 1495676850 1.600000 -1.000000 -101.000000 0.000000 0.000000
63 1495676851 1.600000 -1.000000 -101.000000 0.000000 0.000000
63 1495676852 1.600000 -1.000000 -101.000000 0.000000 0.000000
63 1495676853 1.600000 -1.000000 -101.000000 0.000000 0.000000
63 1495676854 0.800000 -1.000000 -101.000000 0.000000 0.000000
63 1495676855 0.800000 -1.000000 -101.000000 0.000000 0.000000
63 1495676856 0.800000 -1.000000 -101.000000 0.000000 0.000000
63 1495676857 0.800000 -1.000000 -101.000000 0.000000 0.000000
63 1495676858 0.800000 -1.000000 -101.000000 0.000000 0.000000
63 1495676859 0.800000 -1.000000 -101.000000 0.000000 0.000000
63 1495676860 0.800000 -1.000000 -101.000000 0.000000 0.000000
63 1495676861 0.800000 -1.000000 -101.000000 0.000000 0.000000
63 1495676862 0.800000 -1.000000 -101.000000 0.000000 0.000000
63 1495676863 0.800000 -1.000000 -101.000000 0.000000 0.000000
63 1495676864 2.000000 -1.000000 -101.000000 0.000000 0.000000
63 1495676865 2.000000 -1.000000 -101.000000 0.000000 0.000000
63 1495676866 2.000000 -1.000000 -101.000000 0.000000 0.000000
63 1495676867 2.000000 -1.000000 -101.000000 0.000000 0.000000
63 1495676868 2.000000 -1.000000 -101.000000 0.000000 0.000000
63 1495676869 0.800000 -1.000000 -101.000000 0.000000 0.000000
63 1495676870 0.800000 -1.000000 -101.000000 0.000000 0.000000
63 1495676871 0.800000 -1.000000 -101.000000 0.000000 0.000000
63 1495676872 0.800000 -1.000000 -101.000000 0.000000 0.000000
63 1495676873 0.800000 -1.000000 -101.000000 0.000000 0.000000
63 1495676874 0.800000 -1.000000 -101.000000 0.000000 0.000000
63 1495676875 0.800000 -1.000000 -101.000000 0.000000 0.000000
63 1495676876 0.800000 -1.000000 -101.000000 0.000000 0.000000
63 1495676877 0.800000 -1.000000 -101.000000 0.000000 0.000000
63 1495676878 0.800000 -1.000000 -101.000000 0.000000 0.000000
63 1495676879 0.800000 -1.000000 -101.000000 0.000000 0.000000
63 1495676880 0.800000 -1.000000 -101.000000 0.000000 0.000000
63 1495676881 0.800000 -1.000000 -101.000000 0.000000 0.000000
63 1495676882 0.800000 -1.000000 -101.000000 0.000000 0.000000
63 1495676883 0.800000 -1.000000 -101.000000 0.000000 0.000000
63 1495676884 2.000000 -1.000000 -101.000000 0.000000 0.000000
63 1495676885 2.000000 -1.000000 -101.000000 0.000000 0.000000
63 1495676886 2.000000 -1.000000 -101.000000 0.000000 0.000000
63 1495676887 2.000000 -1.000000 -101.000000 0.000000 0.000000
63 1495676888 2.000000 -1.000000 -101.000000 0.000000 0.000000
63 1495676889 0.800000 -1.000000 -101.000000 0.000000 0.000000
63 1495676890 0.800000 -1.000000 -101.000000 0.000000 0.000000
63 1495676891 0.800000 -1.000000 -101.000000 0.000000 0.000000
63 1495676892 0.800000 -1.000000 -101.000000 0.000000 0.000000
63 1495676893 0.800000 -1.000000 -101.000000 0.000000 0.000000
63 1495676894 0.800000 -1.000000 -101.000000 0.000000 0.000000
63 1495676895 0.800000 -1.000000 -101.000000 0.000000 0.000000
63 1495676896 0.800000 -1.000000 -101.000000 0.000000 0.000000
63 1495676897 0.800000 -1.000000 -101.000000 0.000000 0.000000
63 1495676898 0.800000 -1.000000 -101.000000 0.000000 0.000000
63 1495676899 1.600000 -1.000000 -101.000000 0.000000 0.000000
63 1495676900 1.600000 -1.000000 -101.000000 0.000000 0.000000
63 1495676901 1.600000 -1.000000 -101.000000 0.000000 0.000000
63 1495676902 1.600000 -1.000000 -101.000000 0.000000 0.000000
63 1495676903 1.600000 -1.000000 -101.000000 0.000000 0.000000
63 1495676904 1.200000 -1.000000 -101.000000 0.000000 0.000000
63 1495676905 1.200000 -1.000000 -101.000000 0.000000 0.000000
63 1495676906 1.200000 -1.000000 -101.000000 0.000000 0.000000
63 1495676907 1.200000 -1.000000 -101.000000 0.000000 0.000000
63 1495676908 1.200000 -1.000000 -101.000000 0.000000 0.000000
63 1495676909 0.800000 -1.000000 -101.000000 0.000000 0.000000
63 1495676910 0.800000 -1.000000 -101.000000 0.000000 0.000000
63 1495676911 0.800000 -1.000000 -101.000000 0.000000 0.000000
63 1495676912 0.800000 -1.000000 -101.000000 0.000000 0.000000
63 1495676913 0.800000 -1.000000 -101.000000 0.000000 0.000000
63 1495676914 1.600000 -1.000000 -101.000000 0.000000 0.000000
63 1495676915 1.600000 -1.000000 -101.000000 0.000000 0.000000
63 1495676916 1.600000 -1.000000 -101.000000 0.000000 0.000000
63 1495676917 1.600000 -1.000000 -101.000000 0.000000 0.000000
63 1495676918 1.600000 -1.000000 -101.000000 0.000000 0.000000
63 1495676919 0.800000 -1.000000 -101.000000 0.000000 0.000000
63 1495676920 0.800000 -1.000000 -101.000000 0.000000 0.000000
63 1495676921 0.800000 -1.000000 -101.000000 0.000000 0.000000
63 1495676922 0.800000 -1.000000 -101.000000 0.000000 0.000000
63 1495676923 0.800000 -1.000000 -101.000000 0.000000 0.000000
63 1495676924 1.200000 -1.000000 -101.000000 0.000000 0.000000
63 1495676925 1.200000 -1.000000 -101.000000 0.000000 0.000000
63 1495676926 1.200000 -1.000000 -101.000000 0.000000 0.000000
63 1495676927 1.200000 -1.000000 -101.000000 0.000000 0.000000
63 1495676928 1.200000 -1.000000 -101.000000 0.000000 0.000000
63 1495676929 1.600000 -1.000000 -101.000000 0.000000 0.000000
63 1495676992 1.500000 -1.000000 1.500000 1.500000 0.000000
63 1495676991 1.500000 -1.000000 1.500000 1.500000 0.000000
63 1495676990 1.500000 -1.000000 1.500000 1.500000 0.000000
63 1495676989 1.500000 -1.000000 1.500000 1.500000 0.000000
63 1495676988 1.200000 -1.000000 1.200000 1.200000 0.000000
63 1495676987 1.200000 -1.000000 1.200000 1.200000 0.000000
63 1495676986 1.200000 -1.000000 1.200000 1.200000 0.000000
63 1495676985 1.200000 -1.000000 1.200000 1.200000 0.000000
63 1495676984 1.200000 -1.000000 1.200000 1.200000 0.000000
63 1495676983 0.800000 -1.000000 0.800000 0.800000 0.000000
63 1495676982 0.800000 -1.000000 0.800000 0.800000 0.000000
63 1495676981 0.800000 -1.000000 0.800000 0.800000 0.000000
63 1495676980 0.800000 -1.000000 0.800000 0.800000 0.000000
63 1495676979 0.800000 -1.000000 0.800000 0.800000 0.000000
63 1495676978 1.600000 -1.000000 1.600000 1.600000 0.000000
63 1495676977 1.600000 -1.000000 1.600000 1.600000 0.000000
63 1495676976 1.600000 -1.000000 1.600000 1.600000 0.000000
63 1495676975 1.600000 -1.000000 1.600000 1.600000 0.000000
63 1495676974 1.600000 -1.000000 1.600000 1.600000 0.000000
63 1495676973 0.800000 -1.000000 0.800000 0.800000 0.000000
63 1495676972 0.800000 -1.000000 0.800000 0.800000 0.000000
63 1495676971 0.800000 -1.000000 0.800000 0.800000 0.000000
63 1495676970 0.800000 -1.000000 0.800000 0.800000 0.000000
63 1495676969 0.800000 -1.000000 0.800000 0.800000 0.000000
63 1495676968 1.200000 -1.000000 1.200000 1.200000 0.000000
63 1495676967 1.200000 -1.000000 1.200000 1.200000 0.000000
63 1495676966 1.200000 -1.000000 1.200000 1.200000 0.000000
63 1495676965 1.200000 -1.000000 1.200000 1.200000 0.000000
63 1495676964 1.200000 -1.000000 1.200000 1.200000 0.000000
63 1495676963 1.600000 -1.000000 1.600000 1.600000 0.000000
63 1495676962 1.600000 -1.000000 1.600000 1.600000 0.000000
63 1495676961 1.600000 -1.000000 1.600000 1.600000 0.000000
63 1495676960 1.600000 -1.000000 1.600000 1.600000 0.000000
63 1495676959 1.600000 -1.000000 1.600000 1.600000 0.000000
63 1495676958 0.800000 -1.000000 0.800000 0.800000 0.000000
63 1495676957 0.800000 -1.000000 0.800000 0.800000 0.000000
63 1495676956 0.800000 -1.000000 0.800000 0.800000 0.000000
63 1495676955 0.800000 -1.000000 0.800000 0.800000 0.000000
63 1495676954 0.800000 -1.000000 0.800000 0.800000 0.000000
63 1495676953 0.800000 -1.000000 0.800000 0.800000 0.000000
63 1495676952 0.800000 -1.000000 0.800000 0.800000 0.000000
63 1495676951 0.800000 -1.000000 0.800000 0.800000 0.000000
63 1495676950 0.800000 -1.000000 0.800000 0.800000 0.000000
63 1495676949 0.800000 -1.000000 0.800000 0.800000 0.000000
63 1495676948 2.000000 -1.000000 2.000000 2.000000 0.000000
63 1495676947 2.000000 -1.000000 2.000000 2.000000 0.000000
63 1495676946 2.000000 -1.000000 2.000000 2.000000 0.000000
63 1495676945 2.000000 -1.000000 2.000000 2.000000 0.000000
63 1495676944 2.000000 -1.000000 2.000000 2.000000 0.000000
63 1495676943 0.800000 -1.000000 0.800000 0.800000 0.000000
63 1495676942 0.800000 -1.000000 0.800000 0.800000 0.000000
63 1495676941 0.800000 -1.000000 0.800000 0.800000 0.000000
63 1495676940 0.800000 -1.000000 0.800000 0.800000 0.000000
63 1495676939 0.800000 -1.000000 0.800000 0.800000 0.000000
63 1495676938 0.800000 -1.000000 0.800000 0.800000 0.000000
63 1495676937 0.800000 -1.000000 0.800000 0.800000 0.000000
63 1495676936 0.800000 -1.000000 0.800000 0.800000 0.000000
63 1495676935 0.800000 -1.000000 0.800000 0.800000 0.000000
63 1495676934 0.800000 -1.000000 0.800000 0.800000 0.000000
63 1495676933 1.600000 -1.000000 1.600000 1.600000 0.000000
63 1495676932 1.600000 -1.000000 1.600000 1.600000 0.000000
63 1495676931 1.600000 -1.000000 1.600000 1.600000 0.000000
63 1495676930 1.600000 -1.000000 1.600000 1.600000 0.000000
