88 1495676809 3.200000 -1.000000 -101.000000 0.000000 0.000000
88 1495676810 3.200000 -1.000000 -101.000000 0.000000 0.000000
88 1495676811 3.200000 -1.000000 -101.000000 0.000000 0.000000
88 1495676812 3.200000 -1.000000 -101.000000 0.000000 0.000000
88 1495676813 3.200000 -1.000000 -101.000000 0.000000 0.000000
88 1495676814 1.200000 -1.000000 -101.000000 0.000000 0.000000
88 1495676815 1.200000 -1.000000 -101.000000 0.000000 0.000000
88 1495676816 1.200000 -1.000000 -101.000000 0.000000 0.000000
88 1495676817 1.200000 -1.000000 -101.000000 0.000000 0.000000
88 1495676818 1.200000 -1.000000 -101.000000 0.000000 0.000000
88 1495676819 2.000000 -1.000000 -101.000000 0.000000 0.000000
88 1495676820 2.000000 -1.000000 -101.000000 0.000000 0.000000
88 1495676821 2.000000 -1.000000 -101.000000 0.000000 0.000000
88 1495676822 2.000000 -1.000000 -101.000000 0.000000 0.000000
88 1495676823 2.000000 -1.000000 -101.000000 0.000000 0.000000
88 1495676829 1.200000 -1.000000 -101.000000 0.000000 0.000000
88 1495676830 1.200000 -1.000000 -101.000000 0.000000 0.000000
88 1495676831 1.200000 -1.000000 -101.000000 0.000000 0.000000
88 1495676832 1.200000 -1.000000 -101.000000 0.000000 0.000000
88 1495676833 1.200000 -1.000000 -101.000000 0.000000 0.000000
88 1495676834 1.200000 -1.000000 -101.000000 0.000000 0.000000
88 1495676835 1.200000 -1.000000 -101.000000 0.000000 0.000000
88 1495676836 1.200000 -1.000000 -101.000000 0.000000 0.000000
88 1495676837 1.200000 -1.000000 -101.000000 0.000000 0.000000
88 1495676838 1.200000 -1.000000 -101.000000 0.000000 0.000000
88 1495676839 2.000000 -1.000000 -101.000000 0.000000 0.000000
88 1495676840 2.000000 -1.000000 -101.000000 0.000000 0.000000
88 1495676841 2.000000 -1.000000 -101.000000 0.000000 0.000000
88 1495676842 2.000000 -1.000000 -101.000000 0.000000 0.000000
88 1495676843 2.000000 -1.000000 -101.000000 0.000000 0.000000
88 1495676849 1.200000 -1.000000 -101.000000 0.000000 0.000000
88 1495676850 1.200000 -1.000000 -101.000000 0.000000 0.000000
88 1495676851 1.200000 -1.000000 -101.000000 0.000000 0.000000
88 1495676852 1.200000 -1.000000 -101.000000 0.000000 0.000000
88 1495676853 1.200000 -1.000000 -101.000000 0.000000 0.000000
88 1495676854 2.000000 -1.000000 -101.000000 0.000000 0.000000
88 1495676855 2.000000 -1.000000 -101.000000 0.000000 0.000000
88 1495676856 2.000000 -1.000000 -101.000000 0.000000 0.000000
88 1495676857 2.000000 -1.000000 -101.000000 0.000000 0.000000
88 1495676858 2.000000 -1.000000 -101.000000 0.000000 0.000000
88 1495676859 1.200000 -1.000000 -101.000000 0.000000 0.000000
88 1495676860 1.200000 -1.000000 -101.000000 0.000000 0.000000
88 1495676861 1.200000 -1.000000 -101.000000 0.000000 0.000000
88 1495676862 1.200000 -1.000000 -101.000000 0.000000 0.000000
88 1495676863 1.200000 -1.000000 -101.000000 0.000000 0.000000
88 1495676869 2.000000 -1.000000 -101.000000 0.000000 0.000000
88 1495676870 2.000000 -1.000000 -101.000000 0.000000 0.000000
88 1495676871 2.000000 -1.000000 -101.000000 0.000000 0.000000
88 1495676872 2.000000 -1.000000 -101.000000 0.000000 0.000000
88 1495676873 2.000000 -1.000000 -101.000000 0.000000 0.000000
88 1495676874 1.200000 -1.000000 -101.000000 0.000000 0.000000
88 1495676875 1.200000 -1.000000 -101.000000 0.000000 0.000000
88 1495676876 1.200000 -1.000000 -101.000000 0.000000 0.000000
88 1495676877 1.200000 -1.000000 -101.000000 0.000000 0.000000
88 1495676878 1.200000 -1.000000 -101.000000 0.000000 0.000000
88 1495676879 1.200000 -1.000000 -101.000000 0.000000 0.000000
88 1495676880 1.200000 -1.000000 -101.000000 0.000000 0.000000
88 1495676881 1.200000 -1.000000 -101.000000 0.000000 0.000000
88 1495676882 1.200000 -1.000000 -101.000000 0.000000 0.000000
88 1495676883 1.200000 -1.000000 -101.000000 0.000000 0.000000
88 1495676889 2.000000 -1.000000 -101.000000 0.000000 0.000000
88 1495676890 2.000000 -1.000000 -101.000000 0.000000 0.000000
88 1495676891 2.000000 -1.000000 -101.000000 0.000000 0.000000
88 1495676892 2.000000 -1.000000 -101.000000 0.000000 0.000000
88 1495676893 2.000000 -1.000000 -101.000000 0.000000 0.000000
88 1495676894 1.200000 -1.000000 -101.000000 0.000000 0.000000
88 1495676895 1.200000 -1.000000 -101.000000 0.000000 0.000000
88 1495676896 1.200000 -1.000000 -101.000000 0.000000 0.000000
88 1495676897 1.200000 -1.000000 -101.000000 0.000000 0.000000
88 1495676898 1.200000 -1.000000 -101.000000 0.000000 0.000000
88 1495676899 2.000000 -1.000000 -101.000000 0.000000 0.000000
88 1495676900 2.000000 -1.000000 -101.000000 0.000000 0.000000
88 1495676901 2.000000 -1.000000 -101.000000 0.000000 0.000000
88 1495676902 2.000000 -1.000000 -101.000000 0.000000 0.000000
88 1495676903 2.000000 -1.000000 -101.000000 0.000000 0.000000
88 1495676909 1.200000 -1.000000 -101.000000 0.000000 0.000000
88 1495676910 1.200000 -1.000000 -101.000000 0.000000 0.000000
88 1495676911 1.200000 -1.000000 -101.000000 0.000000 0.000000
88 1495676912 1.200000 -1.000000 -101.000000 0.000000 0.000000
88 1495676913 1.200000 -1.000000 -101.000000 0.000000 0.000000
88 1495676914 2.000000 -1.000000 -101.000000 0.000000 0.000000
88 1495676915 2.000000 -1.000000 -101.000000 0.000000 0.000000
88 1495676916 2.000000 -1.000000 -101.000000 0.000000 0.000000
88 1495676917 2.000000 -1.000000 -101.000000 0.000000 0.000000
88 1495676918 2.000000 -1.000000 -101.000000 0.000000 0.000000
88 1495676919 1.200000 -1.000000 -101.000000 0.000000 0.000000
88 1495676920 1.200000 -1.000000 -101.000000 0.000000 0.000000
88 1495676921 1.200000 -1.000000 -101.000000 0.000000 0.000000
88 1495676922 1.200000 -1.000000 -101.000000 0.000000 0.000000
88 1495676923 1.200000 -1.000000 -101.000000 0.000000 0.000000
88 1495676929 1.200000 -1.000000 -101.000000 0.000000 0.000000
88 1495676992 3.000000 -1.000000 3.000000 3.000000 0.000000
88 1495676991 3.000000 -1.000000 3.000000 3.000000 0.000000
88 1495676990 3.000000 -1.000000 3.000000 3.000000 0.000000
88 1495676989 3.000000 -1.000000 3.000000 3.000000 0.000000
88 1495676983 2.000000 -1.000000 2.000000 2.000000 0.000000
88 1495676982 2.000000 -1.000000 2.000000 2.000000 0.000000
88 1495676981 2.000000 -1.000000 2.000000 2.000000 0.000000
88 1495676980 2.000000 -1.000000 2.000000 2.000000 0.000000
88 1495676979 2.000000 -1.000000 2.000000 2.000000 0.000000
88 1495676978 1.200000 -1.000000 1.200000 1.200000 0.000000
88 1495676977 1.200000 -1.000000 1.200000 1.200000 0.000000
88 1495676976 1.200000 -1.000000 1.200000 1.200000 0.000000
88 1495676975 1.200000 -1.000000 1.200000 1.200000 0.000000
88 1495676974 1.200000 -1.000000 1.200000 1.200000 0.000000
88 1495676973 1.200000 -1.000000 1.200000 1.200000 0.000000
88 1495676972 1.200000 -1.000000 1.200000 1.200000 0.000000
88 1495676971 1.200000 -1.000000 1.200000 1.200000 0.000000
88 1495676970 1.200000 -1.000000 1.200000 1.200000 0.000000
88 1495676969 1.200000 -1.000000 1.200000 1.200000 0.000000
88 1495676963 2.000000 -1.000000 2.000000 2.000000 0.000000
88 1495676962 2.000000 -1.000000 2.000000 2.000000 0.000000
88 1495676961 2.000000 -1.000000 2.000000 2.000000 0.000000
88 1495676960 2.000000 -1.000000 2.000000 2.000000 0.000000
88 1495676959 2.000000 -1.000000 2.000000 2.000000 0.000000
88 1495676958 1.200000 -1.000000 1.200000 1.200000 0.000000
88 1495676957 1.200000 -1.000000 1.200000 1.200000 0.000000
88 1495676956 1.200000 -1.000000 1.200000 1.200000 0.000000
88 1495676955 1.200000 -1.000000 1.200000 1.200000 0.000000
88 1495676954 1.200000 -1.000000 1.200000 1.200000 0.000000
88 1495676953 2.000000 -1.000000 2.000000 2.000000 0.000000
88 1495676952 2.000000 -1.000000 2.000000 2.000000 0.000000
88 1495676951 2.000000 -1.000000 2.000000 2.000000 0.000000
88 1495676950 2.000000 -1.000000 2.000000 2.000000 0.000000
88 1495676949 2.000000 -1.000000 2.000000 2.000000 0.000000
88 1495676943 1.200000 -1.000000 1.200000 1.200000 0.000000
88 1495676942 1.200000 -1.000000 1.200000 1.200000 0.000000
88 1495676941 1.200000 -1.000000 1.200000 1.200000 0.000000
88 1495676940 1.200000 -1.000000 1.200000 1.200000 0.000000
88 1495676939 1.200000 -1.000000 1.200000 1.200000 0.000000
88 1495676938 2.000000 -1.000000 2.000000 2.000000 0.000000
88 1495676937 2.000000 -1.000000 2.000000 2.000000 0.000000
88 1495676936 2.000000 -1.000000 2.000000 2.000000 0.000000
88 1495676935 2.000000 -1.000000 2.000000 2.000000 0.000000
88 1495676934 2.000000 -1.000000 2.000000 2.000000 0.000000
88 1495676933 1.200000 -1.000000 1.200000 1.200000 0.000000
88 1495676932 1.200000 -1.000000 1.200000 1.200000 0.000000
88 1495676931 1.200000 -1.000000 1.200000 1.200000 0.000000
88 1495676930 1.200000 -1.000000 1.200000 1.200000 0.000000
